products/ionex/COD0OPSFIN_20260150000_01D_01H_GIM.INX
     1.0            IONOSPHERE MAPS     GNSS                IONEX VERSION / TYPE
ADDNEQ2 V5.5        AIUB                19-JAN-26 18:59     PGM / RUN BY / DATE 
CODE'S GLOBAL IONOSPHERE MAPS FOR DAY 015, 2026             COMMENT             
Global ionosphere maps (GIM) are generated on a daily basis DESCRIPTION         
at CODE using data from about 300 GNSS sites of the IGS and DESCRIPTION         
other institutions. The vertical total electron content     DESCRIPTION         
(VTEC) is modeled in a solar-geomagnetic reference frame    DESCRIPTION         
using a spherical harmonics expansion up to degree and      DESCRIPTION         
order 15. Piece-wise linear functions are used for          DESCRIPTION         
representation in the time domain. The time spacing of      DESCRIPTION         
their vertices is 1 hour, conforming with the epochs of the DESCRIPTION         
VTEC maps.                                                  DESCRIPTION         
To convert line-of-sight TEC into vertical TEC, a modified  DESCRIPTION         
single-layer model mapping function approximating the JPL   DESCRIPTION         
extended slab model mapping function is adopted. The        DESCRIPTION         
mapping function is evaluated at geodetic satellite         DESCRIPTION         
elevation angles. For the computation of the ionospheric    DESCRIPTION         
pierce points, a spherical layer with a radius of 6821 km   DESCRIPTION         
is assumed, implying geocentric, not geodetic IONEX         DESCRIPTION         
latitudes.                                                  DESCRIPTION         
Instrumental biases with respect to each involved GNSS code DESCRIPTION         
observable are estimated as constant values for each        DESCRIPTION         
day. They are modeled with one set of bias parameters for   DESCRIPTION         
each satellite and each station in case of GPS and for each DESCRIPTION         
satellite-station link in case of GLONASS. The code bias    DESCRIPTION         
datum is defined by zero-mean conditions imposed on the     DESCRIPTION         
satellite bias estimates. In this file, just GPS C1W-C2W    DESCRIPTION         
satellite and station bias values are included. The         DESCRIPTION         
complete set of GNSS code bias results is provided in an    DESCRIPTION         
additional Bias-SINEX file as pseudo-absolute values        DESCRIPTION         
specific to each observable.                                DESCRIPTION         
Note: These GIM results correspond to the results for the   DESCRIPTION         
middle day of a 3-day combination analysis solving for 73   DESCRIPTION         
times 256, or 18688 VTEC parameters and 3 daily sets of     DESCRIPTION         
GNSS code bias parameters.                                  DESCRIPTION         
Contact address: code(at)aiub.unibe.ch                      DESCRIPTION         
Data archive:    ftp.aiub.unibe.ch/CODE/                    DESCRIPTION         
                 www.aiub.unibe.ch/download/CODE/           DESCRIPTION         
  2026     1    15     0     0     0                        EPOCH OF FIRST MAP  
  2026     1    16     0     0     0                        EPOCH OF LAST MAP   
  3600                                                      INTERVAL            
[...]
albh algo alic areg areq ascg aspa auck azgb badg bake barh COMMENT             
bjfs bndy boav bogo bogt bor1 braz brst brux bshm cas1 ccj2 COMMENT             
cedu chpg chpi chti chur ckis coco cord cpvg cpxf cro1 daej COMMENT             
darw dav1 dgar drao ebre faa1 fair flin flrs frdn func ganp COMMENT             
glps glsv gode gol2 gold gope gras graz guam guug harb hers COMMENT             
hert hlfx hnpt hob2 hofn holb holm hrao iddr ieng iisc impz COMMENT             
ineg invk iqal irkj jog2 joz2 kerg kir0 kiri kiru kit3 kokb COMMENT             
kokv kouc koug kour krgg lama laut lmmf lpal lpgs m0se mac1 COMMENT             
madr mal2 mas1 mat1 mate maui maw1 mcil mcm4 mdo1 medi mgue COMMENT             
mizu mkea mnls mobs monp morp mqzg mro1 nano naur nico nist COMMENT             
nium nklg nlib nnor not1 nrc1 nrmd ntus nya1 nyal onsa ous2 COMMENT             
parc park pdel penc pert pie1 pimo pohn pol2 pots pove ptag COMMENT             
ptbb qaq1 quin ramo reso reun reyk rgdg rio2 roth salu samo COMMENT             
sant sch2 scor scrz sctb sfer smst sofi spt0 ssia sthl stjo COMMENT             
stk2 str2 suth sutm suwn sydn syog tash thtg thti thu2 tid1 COMMENT             
tidb tlse tn22 tong tow2 tro1 tskb tuva twtf txes uclu ufpr COMMENT             
ulab unb3 unbj unsa urum usn7 usud vald vill voim vtsp wab2 COMMENT             
wark wgtn whit will wind wsrt wtzr wtzs wtzz wuhn xmis yar2 COMMENT             
yar3 yarr yell ykro zamb zeck zim2 zim3 zimm                COMMENT             
                                                            END OF HEADER       
[from data line 6435]
    16                                                      START OF TEC MAP    
  2026     1    15    15     0     0                        EPOCH OF CURRENT MAP
    87.5-180.0 180.0   5.0 450.0                            LAT/LON1/LON2/DLON/H
   35   36   36   37   38   39   40   41   43   44   45   46   47   48   49   49
   50   51   51   52   52   52   52   52   53   53   52   52   52   52   52   52
   52   51   51   51   51   51   51   50   50   50   50   49   49   48   48   47
   47   46   46   45   44   43   42   41   40   39   39   38   37   36   35   35
   34   34   34   34   34   34   34   34   35
    85.0-180.0 180.0   5.0 450.0                            LAT/LON1/LON2/DLON/H
   21   23   25   27   30   32   35   38   41   43   46   48   51   53   54   56
   57   58   59   59   59   59   58   58   57   57   56   55   54   54   53   52
   52   51   51   51   51   50   50   50   50   51   51   51   50   50   50   49
   49   48   47   46   44   42   40   38   36   34   31   29   27   25   23   21
   20   19   18   18   18   18   19   20   21
    82.5-180.0 180.0   5.0 450.0                            LAT/LON1/LON2/DLON/H
   10   12   15   19   23   27   32   36   41   45   50   54   57   60   63   65
   66   67   67   67   67   66   64   63   61   59   58   56   54   53   51   50
   49   48   48   47   47   47   47   47   48   48   49   49   49   50   50   50
   50   49   48   47   45   42   39   36   32   28   24   20   17   13   10    8
    6    4    3    3    3    4    5    7   10
    80.0-180.0 180.0   5.0 450.0                            LAT/LON1/LON2/DLON/H
    5    8   12   16   21   26   31   37   43   49   55   61   66   70   73   75
   76   77   77   76   74   72   70   68   65   63   60   58   55   53   51   50
   48   47   46   45   44   43   43   43   43   44   44   45   46   47   48   48
   49   49   48   47   45   42   38   34   29   24   18   13    8    4    1    0
    0    0    0    0    0    0    0    2    5
    77.5-180.0 180.0   5.0 450.0                            LAT/LON1/LON2/DLON/H
   11   14   17   20   24   29   35   41   48   55   61   68   74   78   82   84
   85   85   84   83   81   79   77   74   72   69   66   64   61   58   56   53
   51   49   47   45   44   42   41   40   39   39   38   39   40   41   42   44
   45   47   47   46   45   42   38   32   27   20   14    8    3    0    0    0
    0    0    0    0    0    3    5    8   11
    75.0-180.0 180.0   5.0 450.0                            LAT/LON1/LON2/DLON/H
   28   29   30   32   34   37   41   46   52   60   67   74   80   85   88   90
   90   90   89   88   87   86   85   83   82   80   77   75   72   69   65   62
   59   56   53   51   48   45   42   39   37   35   33   33   33   33   35   37
   40   42   44   44   43   41   37   31   25   18   12    6    1    0    0    0
    0    2    6   11   15   19   23   26   28
    72.5-180.0 180.0   5.0 450.0                            LAT/LON1/LON2/DLON/H
   52   51   50   48   47   47   48   51   57   63   70   77   82   87   90   91
   91   91   91   91   92   93   94   95   95   94   93   91   87   84   80   76
   72   68   63   59   55   51   46   42   37   33   30   27   26   26   27   30
   33   36   39   41   41   39   35   30   24   17   11    6    3    2    3    7
   12   18   25   32   38   44   48   51   52
    70.0-180.0 180.0   5.0 450.0                            LAT/LON1/LON2/DLON/H
   76   73   70   65   60   56   55   55   58   64   70   76   81   84   86   87
   87   88   89   92   95  100  105  109  111  112  112  110  106  102   97   91
   86   80   75   69   64   58   52   46   40   35   29   25   22   20   21   23
   26   30   34   36   37   36   33   28   22   17   12    9    8    9   13   19
   27   36   46   54   62   69   74   76   76
    67.5-180.0 180.0   5.0 450.0                            LAT/LON1/LON2/DLON/H
   93   90   84   77   70   63   58   56   58   61   66   71   75   77   78   79
   79   81   85   91   99  107  116  123  129  131  131  128  124  119  113  106
   99   93   86   79   72   65   58   52   45   38   32   26   21   18   17   18
   20   24   28   31   32   32   29   25   20   16   13   12   14   18   24   32
   42   52   62   71   79   86   91   93   93
    65.0-180.0 180.0   5.0 450.0                            LAT/LON1/LON2/DLON/H
   96   94   89   82   73   65   58   54   54   56   59   63   66   67   68   68
   70   74   81   90  102  115  128  138  144  147  147  144  139  133  126  119
  111  103   95   86   78   71   64   57   51   44   37   30   24   19   16   15
   17   20   23   26   27   27   24   21   18   15   14   16   20   26   34   43
   52   61   69   77   83   89   93   96   96
    62.5-180.0 180.0   5.0 450.0                            LAT/LON1/LON2/DLON/H
   84   85   82   77   69   61   54   49   48   49   51   53   55   56   57   58
   61   68   78   92  107  123  138  149  156  159  158  155  150  144  137  130
  122  113  103   93   84   75   69   63   58   52   45   38   30   23   18   15
   15   17   19   21   22   21   19   17   15   14   16   19   25   32   40   48
   55   62   66   70   73   75   79   82   84
    60.0-180.0 180.0   5.0 450.0                            LAT/LON1/LON2/DLON/H
   60   64   66   65   60   54   48   43   41   41   42   44   45   45   46   49
   56   65   79   96  114  131  146  157  163  165  163  160  156  151  147  141
  133  123  112  100   89   80   73   69   65   61   56   48   39   29   22   17
   15   15   17   18   18   17   15   14   13   14   17   22   29   36   43   49
   53   54   54   52   50   50   51   55   60
    57.5-180.0 180.0   5.0 450.0                            LAT/LON1/LON2/DLON/H
   31   39   45   48   48   44   40   37   35   35   35   35   36   37   39   45
   54   68   84  102  121  137  151  160  164  165  164  161  159  158  156  152
  145  135  122  108   96   86   80   76   74   72   67   59   48   37   27   20
   16   16   16   17   17   15   13   13   13   16   20   26   32   38   43   46
   46   43   37   30   23   19   19   23   31
    55.0-180.0 180.0   5.0 450.0                            LAT/LON1/LON2/DLON/H
    5   16   26   33   36   36   34   32   31   31   30   30   30   31   36   45
   58   74   92  111  127  142  152  159  162  162  162  161  162  163  164  163
  158  148  134  119  105   95   88   86   85   84   79   70   58   45   32   23
   19   18   19   20   19   17   16   16   17   21   25   31   36   40   43   42
   39   32   23   12    1    0    0    0    5
    52.5-180.0 180.0   5.0 450.0                            LAT/LON1/LON2/DLON/H
    0    2   14   23   28   30   31   31   31   30   29   28   27   30   37   49
   65   83  102  119  133  144  152  156  159  160  160  162  165  169  172  173
  169  159  146  131  117  106  100   98   97   96   91   81   68   52   38   28
   24   23   25   26   26   24   23   23   25   29   34   38   41   42   42   40
   34   26   15    2    0    0    0    0    0
    50.0-180.0 180.0   5.0 450.0                            LAT/LON1/LON2/DLON/H
    0    2   13   21   27   29   31   32   33   33   32   30   30   33   42   57
   75   94  112  127  138  146  151  155  157  159  161  164  168  172  176  178
  175  167  155  142  129  120  114  111  110  108  102   91   76   59   43   33
   30   31   35   37   37   35   34   35   38   41   44   47   47   46   43   39
   33   26   16    5    0    0    0    0    0
    47.5-180.0 180.0   5.0 450.0                            LAT/LON1/LON2/DLON/H
    7   14   22   28   31   33   35   37   39   40   38   36   36   41   52   67
   86  105  122  134  142  148  152  156  160  164  167  169  170  173  175  175
  173  167  158  149  141  134  129  126  123  118  111  100   83   66   50   41
   39   42   47   50   51   50   49   49   52   55   57   57   55   51   47   42
   36   31   25   18   11    5    1    2    7
    45.0-180.0 180.0   5.0 450.0                            LAT/LON1/LON2/DLON/H
   31   35   38   40   40   39   41   44   47   49   48   46   47   53   64   80
   98  115  130  141  148  153  157  162  168  173  175  174  171  168  166  164
  162  159  156  153  150  148  145  140  134  127  119  107   91   74   59   51
   50   55   61   64   65   64   63   64   66   68   69   67   63   58   52   46
   42   39   37   36   34   32   30   29   31
    42.5-180.0 180.0   5.0 450.0                            LAT/LON1/LON2/DLON/H
   57   57   56   54   50   47   47   51   55   58   59   59   61   68   79   94
  109  125  138  148  156  161  167  173  180  185  185  179  169  160  153  149
  147  148  151  155  160  162  160  153  144  135  125  114  100   85   72   64
   64   69   75   78   77   76   75   75   78   79   79   76   71   64   58   52
   48   47   49   52   56   57   58   57   57
    40.0-180.0 180.0   5.0 450.0                            LAT/LON1/LON2/DLON/H
   76   74   71   65   59   54   54   57   63   67   70   72   77   86   97  109
  121  134  147  159  168  175  180  187  193  196  193  182  167  151  141  136
  137  142  151  162  173  179  177  167  154  141  131  121  110   98   87   81
   80   83   87   88   86   84   82   83   85   86   85   82   77   70   63   57
   53   52   55   62   69   74   76   77   76
    37.5-180.0 180.0   5.0 450.0                            LAT/LON1/LON2/DLON/H
   83   82   78   72   64   59   58   62   69   74   79   85   94  105  115  124
  133  145  159  173  184  192  196  200  204  205  199  184  166  149  138  135
  140  149  163  179  194  202  198  184  166  149  138  130  123  114  106  100
   97   97   97   95   91   88   86   86   87   88   87   84   80   74   68   62
   56   53   55   62   70   77   82   83   83
    35.0-180.0 180.0   5.0 450.0                            LAT/LON1/LON2/DLON/H
   78   79   78   73   66   61   61   65   72   78   86   96  110  124  134  140
  147  157  173  191  204  210  211  209  209  208  201  188  172  158  153  156
  166  180  196  213  227  233  226  206  182  161  148  142  138  133  126  120
  115  111  106  100   94   89   87   87   88   87   86   84   81   77   72   65
   57   52   50   54   62   69   74   76   78
    32.5-180.0 180.0   5.0 450.0                            LAT/LON1/LON2/DLON/H
   65   69   71   70   65   62   62   66   72   80   90  104  123  141  152  156
  161  172  190  211  225  227  221  212  208  206  204  197  189  186  191  205
  221  237  251  264  274  275  262  236  205  179  165  159  157  154  148  141
  133  124  114  105   97   93   90   89   88   86   84   82   80   78   74   68
   59   50   45   45   48   53   58   61   65
    30.0-180.0 180.0   5.0 450.0                            LAT/LON1/LON2/DLON/H
   50   57   63   65   63   62   62   66   71   78   90  109  133  155  167  171
  175  187  209  231  243  239  224  208  201  203  209  216  222  234  254  279
  301  316  325  329  331  324  304  272  236  206  188  181  178  176  171  162
  151  138  124  113  105  101   99   96   93   89   85   82   81   80   77   71
   61   51   42   38   38   39   42   45   50
    27.5-180.0 180.0   5.0 450.0                            LAT/LON1/LON2/DLON/H
   41   49   57   61   62   62   63   66   70   76   89  111  140  166  180  185
  189  203  227  249  256  243  220  199  193  203  223  246  271  300  335  370
  396  408  408  401  391  376  351  314  274  241  219  208  203  199  193  184
  171  155  139  127  121  118  115  111  104   97   90   86   84   83   81   76
   67   56   46   39   35   33   33   35   41
    25.0-180.0 180.0   5.0 450.0                            LAT/LON1/LON2/DLON/H
   40   48   56   61   63   63   65   66   68   73   87  112  145  174  191  197
  203  219  243  261  262  241  211  190  190  213  249  290  332  376  422  464
  491  497  486  467  447  425  396  358  317  282  256  241  231  223  216  206
  192  175  159  149  144  143  140  133  123  111  101   95   91   89   87   83
   76   67   58   49   43   39   36   36   40
    22.5-180.0 180.0   5.0 450.0                            LAT/LON1/LON2/DLON/H
   50   55   61   65   67   67   67   68   68   72   86  113  148  180  199  207
  216  233  255  269  261  234  203  187  199  236  288  344  398  451  502  544
  568  566  545  515  488  462  434  399  361  327  299  278  261  249  239  228
  215  199  185  177  175  174  170  160  146  131  118  108  102   97   95   92
   88   82   75   68   62   56   51   48   50
    20.0-180.0 180.0   5.0 450.0                            LAT/LON1/LON2/DLON/H
   66   67   70   72   72   71   70   70   70   73   87  115  151  184  205  217
  228  247  266  272  258  228  201  197  223  275  339  403  460  513  560  597
  613  604  576  540  510  485  461  433  402  371  343  317  295  277  264  253
  240  225  214  208  208  208  202  189  171  153  137  125  116  109  104  102
  100   98   95   90   85   79   73   68   66
    17.5-180.0 180.0   5.0 450.0                            LAT/LON1/LON2/DLON/H
   83   80   79   79   77   74   73   72   72   76   91  119  156  189  211  226
  241  260  275  274  255  227  211  222  264  328  397  460  511  554  589  615
  623  608  577  541  512  492  476  458  436  412  386  358  330  307  291  278
  265  252  242  239  239  238  229  214  194  174  156  142  131  122  116  112
  112  113  113  111  107  102   95   88   83
    15.0-180.0 180.0   5.0 450.0                            LAT/LON1/LON2/DLON/H
   96   90   86   83   79   76   74   74   75   81   97  126  161  194  217  235
  254  274  285  279  257  236  235  264  320  389  455  507  544  569  589  602
  601  584  555  524  502  489  481  474  463  447  426  397  367  340  320  304
  290  277  268  264  263  259  248  231  210  190  172  158  146  135  127  123
  123  125  127  127  124  119  112  104   96
    12.5-180.0 180.0   5.0 450.0                            LAT/LON1/LON2/DLON/H
  101   93   87   83   79   75   73   74   77   85  104  133  168  199  224  246
  269  289  298  288  269  258  274  319  384  451  505  539  556  563  565  566
  561  546  524  503  489  483  482  483  482  475  460  434  403  373  349  330
  314  298  287  281  277  270  257  239  219  200  184  170  158  147  139  134
  133  135  137  137  134  129  121  111  101
    10.0-180.0 180.0   5.0 450.0                            LAT/LON1/LON2/DLON/H
  100   89   82   78   75   71   70   71   77   89  110  140  174  205  231  257
  284  306  314  305  290  292  324  381  447  504  540  554  551  541  531  525
  520  512  501  490  484  483  485  490  495  496  487  466  436  405  378  355
  334  314  299  289  281  270  256  240  223  206  191  178  167  158  150  144
  142  143  145  143  139  132  123  112  100
     7.5-180.0 180.0   5.0 450.0                            LAT/LON1/LON2/DLON/H
   94   82   75   71   68   66   64   67   75   90  115  147  181  211  239  268
  299  325  334  327  321  335  378  441  501  541  556  551  534  515  500  494
  495  497  497  497  496  495  496  499  505  511  508  492  466  435  405  377
  350  325  305  290  278  264  251  237  224  210  196  183  173  166  159  154
  152  152  152  149  142  133  122  108   94
     5.0-180.0 180.0   5.0 450.0                            LAT/LON1/LON2/DLON/H
   91   77   68   64   62   60   58   61   71   90  118  151  186  217  247  279
  314  343  356  355  357  381  431  492  539  559  554  535  512  493  484  485
  495  509  521  527  527  522  515  512  515  521  522  511  488  459  428  395
  363  333  308  289  273  258  246  237  228  216  202  188  179  173  169  164
  162  162  161  157  149  137  124  108   91
     2.5-180.0 180.0   5.0 450.0                            LAT/LON1/LON2/DLON/H
   96   78   66   61   58   55   54   57   68   89  119  155  191  223  254  289
  327  359  377  383  394  425  475  526  557  557  538  512  493  484  487  501
  523  548  567  577  574  561  543  529  524  527  528  521  502  476  444  409
  372  338  311  289  270  255  246  243  238  228  212  195  185  180  177  174
  173  174  174  170  161  149  133  115   96
