products/ionex/COD0OPSFIN_20260150000_01D_01H_GIM.INX
     1.0            IONOSPHERE MAPS     GNSS                IONEX VERSION / TYPE
ADDNEQ2 V5.5        AIUB                19-JAN-26 18:59     PGM / RUN BY / DATE 
CODE'S GLOBAL IONOSPHERE MAPS FOR DAY 015, 2026             COMMENT             
Global ionosphere maps (GIM) are generated on a daily basis DESCRIPTION         
at CODE using data from about 300 GNSS sites of the IGS and DESCRIPTION         
other institutions. The vertical total electron content     DESCRIPTION         
(VTEC) is modeled in a solar-geomagnetic reference frame    DESCRIPTION         
using a spherical harmonics expansion up to degree and      DESCRIPTION         
order 15. Piece-wise linear functions are used for          DESCRIPTION         
representation in the time domain. The time spacing of      DESCRIPTION         
their vertices is 1 hour, conforming with the epochs of the DESCRIPTION         
VTEC maps.                                                  DESCRIPTION         
To convert line-of-sight TEC into vertical TEC, a modified  DESCRIPTION         
single-layer model mapping function approximating the JPL   DESCRIPTION         
extended slab model mapping function is adopted. The        DESCRIPTION         
mapping function is evaluated at geodetic satellite         DESCRIPTION         
elevation angles. For the computation of the ionospheric    DESCRIPTION         
pierce points, a spherical layer with a radius of 6821 km   DESCRIPTION         
is assumed, implying geocentric, not geodetic IONEX         DESCRIPTION         
latitudes.                                                  DESCRIPTION         
Instrumental biases with respect to each involved GNSS code DESCRIPTION         
observable are estimated as constant values for each        DESCRIPTION         
day. They are modeled with one set of bias parameters for   DESCRIPTION         
each satellite and each station in case of GPS and for each DESCRIPTION         
satellite-station link in case of GLONASS. The code bias    DESCRIPTION         
datum is defined by zero-mean conditions imposed on the     DESCRIPTION         
satellite bias estimates. In this file, just GPS C1W-C2W    DESCRIPTION         
satellite and station bias values are included. The         DESCRIPTION         
complete set of GNSS code bias results is provided in an    DESCRIPTION         
additional Bias-SINEX file as pseudo-absolute values        DESCRIPTION         
specific to each observable.                                DESCRIPTION         
Note: These GIM results correspond to the results for the   DESCRIPTION         
middle day of a 3-day combination analysis solving for 73   DESCRIPTION         
times 256, or 18688 VTEC parameters and 3 daily sets of     DESCRIPTION         
GNSS code bias parameters.                                  DESCRIPTION         
Contact address: code(at)aiub.unibe.ch                      DESCRIPTION         
Data archive:    ftp.aiub.unibe.ch/CODE/                    DESCRIPTION         
                 www.aiub.unibe.ch/download/CODE/           DESCRIPTION         
  2026     1    15     0     0     0                        EPOCH OF FIRST MAP  
  2026     1    16     0     0     0                        EPOCH OF LAST MAP   
  3600                                                      INTERVAL            
[...]
albh algo alic areg areq ascg aspa auck azgb badg bake barh COMMENT             
bjfs bndy boav bogo bogt bor1 braz brst brux bshm cas1 ccj2 COMMENT             
cedu chpg chpi chti chur ckis coco cord cpvg cpxf cro1 daej COMMENT             
darw dav1 dgar drao ebre faa1 fair flin flrs frdn func ganp COMMENT             
glps glsv gode gol2 gold gope gras graz guam guug harb hers COMMENT             
hert hlfx hnpt hob2 hofn holb holm hrao iddr ieng iisc impz COMMENT             
ineg invk iqal irkj jog2 joz2 kerg kir0 kiri kiru kit3 kokb COMMENT             
kokv kouc koug kour krgg lama laut lmmf lpal lpgs m0se mac1 COMMENT             
madr mal2 mas1 mat1 mate maui maw1 mcil mcm4 mdo1 medi mgue COMMENT             
mizu mkea mnls mobs monp morp mqzg mro1 nano naur nico nist COMMENT             
nium nklg nlib nnor not1 nrc1 nrmd ntus nya1 nyal onsa ous2 COMMENT             
parc park pdel penc pert pie1 pimo pohn pol2 pots pove ptag COMMENT             
ptbb qaq1 quin ramo reso reun reyk rgdg rio2 roth salu samo COMMENT             
sant sch2 scor scrz sctb sfer smst sofi spt0 ssia sthl stjo COMMENT             
stk2 str2 suth sutm suwn sydn syog tash thtg thti thu2 tid1 COMMENT             
tidb tlse tn22 tong tow2 tro1 tskb tuva twtf txes uclu ufpr COMMENT             
ulab unb3 unbj unsa urum usn7 usud vald vill voim vtsp wab2 COMMENT             
wark wgtn whit will wind wsrt wtzr wtzs wtzz wuhn xmis yar2 COMMENT             
yar3 yarr yell ykro zamb zeck zim2 zim3 zimm                COMMENT             
                                                            END OF HEADER       
[from data line 1287]
     4                                                      START OF TEC MAP    
  2026     1    15     3     0     0                        EPOCH OF CURRENT MAP
    87.5-180.0 180.0   5.0 450.0                            LAT/LON1/LON2/DLON/H
   46   46   45   45   45   45   44   44   43   43   42   42   41   41   40   39
   38   38   37   36   35   34   33   33   32   31   30   30   29   29   28   28
   27   27   27   27   27   26   26   27   27   27   27   27   28   28   29   29
   30   30   31   32   33   34   35   36   37   38   39   40   40   41   42   43
   44   44   45   45   45   46   46   46   46
    85.0-180.0 180.0   5.0 450.0                            LAT/LON1/LON2/DLON/H
   58   57   56   55   54   54   53   52   51   51   50   49   48   47   46   45
   44   42   41   39   37   36   34   32   30   29   28   26   25   24   24   23
   23   23   23   23   23   23   23   24   24   24   24   24   25   25   26   26
   27   28   29   31   32   34   36   39   41   43   46   48   51   53   55   56
   58   59   59   59   60   59   59   58   58
    82.5-180.0 180.0   5.0 450.0                            LAT/LON1/LON2/DLON/H
   69   66   64   62   60   59   58   57   57   56   56   56   55   54   53   52
   50   48   46   43   41   38   35   32   30   28   26   24   23   22   22   22
   22   23   24   24   25   26   27   27   28   28   28   28   27   27   27   26
   27   27   29   30   33   36   40   44   48   53   58   62   66   70   74   76
   78   79   79   79   77   76   73   71   69
    80.0-180.0 180.0   5.0 450.0                            LAT/LON1/LON2/DLON/H
   79   74   70   66   63   61   60   59   59   59   60   60   60   60   59   58
   56   54   51   48   45   41   37   34   31   28   25   24   23   22   22   23
   25   27   29   31   33   35   36   37   38   38   37   36   35   33   31   30
   29   29   30   32   35   39   44   51   58   65   73   80   87   93   98  102
  104  105  104  101   98   94   89   84   79
    77.5-180.0 180.0   5.0 450.0                            LAT/LON1/LON2/DLON/H
   87   80   73   68   64   61   60   59   59   60   61   62   63   63   63   62
   60   58   55   52   48   44   41   37   33   30   28   26   25   26   27   28
   31   34   37   40   44   47   49   50   51   51   50   48   45   42   39   36
   34   33   33   34   38   43   51   59   69   80   91  102  111  120  126  131
  133  133  130  126  120  112  104   96   87
    75.0-180.0 180.0   5.0 450.0                            LAT/LON1/LON2/DLON/H
   95   85   76   69   64   61   59   59   59   60   62   63   64   64   64   63
   62   60   57   54   51   48   45   41   38   35   33   32   32   32   34   36
   39   43   47   51   54   58   60   62   63   63   61   59   55   51   47   43
   40   37   37   39   43   49   58   69   82   95  109  123  135  145  153  158
  160  159  155  148  139  129  118  106   95
    72.5-180.0 180.0   5.0 450.0                            LAT/LON1/LON2/DLON/H
  103   91   81   73   67   63   60   59   60   60   61   62   62   62   61   60
   59   58   57   55   53   51   49   47   45   43   42   41   41   41   43   45
   47   51   54   58   62   65   67   69   70   70   68   66   62   58   54   49
   45   43   42   44   49   56   66   79   94  109  125  140  154  166  174  179
  181  179  173  165  155  142  129  116  103
    70.0-180.0 180.0   5.0 450.0                            LAT/LON1/LON2/DLON/H
  111   99   88   79   72   67   64   63   62   61   60   59   58   57   55   54
   54   54   54   54   54   54   54   53   53   52   51   50   50   50   51   52
   54   56   58   61   63   65   67   68   69   69   68   66   64   61   57   53
   49   47   47   50   55   64   75   89  104  120  136  152  165  176  185  189
  190  188  182  174  163  151  138  124  111
    67.5-180.0 180.0   5.0 450.0                            LAT/LON1/LON2/DLON/H
  118  107   96   87   80   74   70   67   65   63   60   57   54   51   48   47
   47   48   50   52   54   56   57   58   58   58   58   58   57   57   56   56
   56   56   56   57   57   58   58   59   60   60   61   60   59   58   55   52
   50   49   51   55   61   71   83   96  111  126  141  155  167  176  183  187
  188  186  181  174  165  154  143  130  118
    65.0-180.0 180.0   5.0 450.0                            LAT/LON1/LON2/DLON/H
  126  116  106   97   89   82   76   72   68   64   59   54   49   45   42   41
   42   44   47   50   53   55   57   58   60   60   61   60   60   58   56   54
   53   51   49   48   47   46   45   45   45   46   48   49   50   50   49   48
   47   48   52   58   66   77   89  102  115  127  139  150  159  167  172  175
  176  175  172  167  161  154  145  136  126
    62.5-180.0 180.0   5.0 450.0                            LAT/LON1/LON2/DLON/H
  133  125  115  105   96   88   81   75   70   64   58   52   45   40   38   37
   39   41   45   48   51   53   54   55   55   56   57   57   56   55   52   49
   45   42   40   37   34   32   30   29   29   31   34   37   39   40   41   41
   42   45   50   59   69   81   93  105  115  124  133  140  146  151  154  157
  158  159  159  158  156  152  147  141  133
    60.0-180.0 180.0   5.0 450.0                            LAT/LON1/LON2/DLON/H
  140  133  124  113  102   91   82   75   69   63   56   49   43   38   36   36
   39   42   45   47   48   48   47   46   46   47   48   49   48   47   44   41
   37   33   30   27   24   21   19   17   17   19   22   26   29   31   31   32
   33   38   47   58   71   84   96  106  113  119  124  128  131  134  136  139
  142  145  148  151  152  152  150  146  140
    57.5-180.0 180.0   5.0 450.0                            LAT/LON1/LON2/DLON/H
  148  141  131  119  106   93   82   73   66   60   54   47   41   37   36   38
   41   44   46   46   44   41   38   36   35   35   37   38   39   38   36   33
   30   27   25   22   20   17   14   12   12   13   17   20   23   24   24   23
   25   31   42   56   72   86   98  106  111  115  117  119  120  122  124  126
  130  136  142  148  152  154  154  152  148
    55.0-180.0 180.0   5.0 450.0                            LAT/LON1/LON2/DLON/H
  156  150  140  126  110   94   81   71   64   58   52   46   41   38   38   40
   44   46   47   44   40   35   30   27   25   26   28   30   32   32   31   29
   27   25   25   24   23   21   18   16   14   16   18   21   23   22   20   18
   20   27   39   56   74   89  101  108  111  113  115  116  117  119  120  123
  128  135  143  151  157  160  160  159  156
    52.5-180.0 180.0   5.0 450.0                            LAT/LON1/LON2/DLON/H
  163  159  149  135  117   98   82   71   64   58   52   46   41   39   40   42
   45   47   45   41   36   30   25   22   21   22   25   28   30   31   30   29
   29   29   31   33   33   32   29   26   24   25   27   29   29   26   21   18
   19   26   40   59   78   94  106  112  115  117  119  122  124  125  126  128
  133  140  149  158  163  166  166  165  163
    50.0-180.0 180.0   5.0 450.0                            LAT/LON1/LON2/DLON/H
  169  167  161  147  127  107   89   76   67   61   54   48   42   40   41   43
   45   44   42   38   33   29   26   25   25   28   30   33   34   34   34   34
   35   38   42   45   47   47   44   41   39   38   40   40   39   34   28   23
   24   31   47   66   86  102  113  119  122  126  131  136  140  141  140  140
  142  149  157  165  169  170  169  169  169
    47.5-180.0 180.0   5.0 450.0                            LAT/LON1/LON2/DLON/H
  172  175  173  161  142  120  100   86   76   69   61   52   46   42   41   42
   42   40   38   35   33   32   33   35   38   41   43   44   43   42   40   40
   43   48   54   59   62   62   60   56   54   53   54   54   52   46   39   34
   34   43   59   78   98  113  123  129  134  140  148  156  161  161  158  153
  152  156  162  168  170  169  167  168  172
    45.0-180.0 180.0   5.0 450.0                            LAT/LON1/LON2/DLON/H
  170  179  183  176  159  136  116  100   89   80   70   59   51   45   43   41
   40   37   35   34   36   41   46   51   55   58   59   57   54   49   47   47
   50   56   64   70   74   75   73   69   67   67   68   68   66   60   53   49
   50   59   75   93  111  125  134  141  148  157  168  179  184  183  175  166
  160  159  163  167  166  162  159  162  170
    42.5-180.0 180.0   5.0 450.0                            LAT/LON1/LON2/DLON/H
  164  180  190  188  173  152  131  115  103   92   80   68   58   52   47   44
   40   37   36   38   44   52   60   68   73   75   74   69   62   55   51   51
   55   62   70   77   82   83   81   78   77   78   80   81   79   73   68   65
   68   78   93  109  124  136  145  153  162  174  188  199  205  201  190  175
  164  160  162  163  160  154  149  152  164
    40.0-180.0 180.0   5.0 450.0                            LAT/LON1/LON2/DLON/H
  156  175  190  193  181  162  143  127  114  102   89   77   68   61   56   51
   46   43   43   48   56   65   73   79   84   85   83   77   67   58   53   53
   58   66   74   81   85   86   85   84   84   86   89   90   89   85   81   81
   86   97  110  124  136  145  154  163  175  189  204  215  220  215  201  183
  169  163  163  163  158  148  141  143  156
    37.5-180.0 180.0   5.0 450.0                            LAT/LON1/LON2/DLON/H
  150  169  185  190  181  165  147  132  119  107   95   85   77   72   67   62
   57   55   57   63   70   76   79   82   84   86   84   78   69   59   54   55
   61   69   77   83   86   88   87   87   88   91   95   97   96   93   91   94
  101  113  125  135  144  152  161  173  186  201  215  225  229  224  210  193
  179  173  174  174  167  154  142  139  150
    35.0-180.0 180.0   5.0 450.0                            LAT/LON1/LON2/DLON/H
  151  164  176  180  173  159  144  130  118  106   96   89   86   84   81   76
   72   71   74   79   82   81   77   74   74   77   79   76   70   62   59   62
   68   75   81   86   88   90   90   90   92   96  100  102  101   98   97  102
  112  125  136  144  150  157  167  181  196  209  221  229  233  230  222  210
  201  198  202  203  196  178  159  148  151
    32.5-180.0 180.0   5.0 450.0                            LAT/LON1/LON2/DLON/H
  164  165  169  169  161  150  137  125  112  100   92   90   91   94   93   89
   86   87   90   93   90   80   67   58   56   63   71   76   75   72   72   76
   82   88   91   93   94   94   94   94   95   99  103  104  102   99   99  107
  119  133  143  149  154  162  174  190  205  217  224  230  235  239  239  237
  236  241  249  254  246  224  197  174  164
    30.0-180.0 180.0   5.0 450.0                            LAT/LON1/LON2/DLON/H
  192  177  169  162  153  143  133  120  106   94   87   88   94  100  101   98
   96   97  101  101   92   74   53   40   40   52   69   82   89   92   96  101
  106  107  106  104  103  101  100   98   99  101  103  103   99   96   97  107
  122  138  148  154  159  168  184  202  217  225  228  232  241  253  265  276
  287  300  315  323  316  290  254  218  192
    27.5-180.0 180.0   5.0 450.0                            LAT/LON1/LON2/DLON/H
  236  205  184  168  156  147  138  124  107   92   84   86   95  102  103   99
   97   98  102  101   89   67   43   29   33   52   78  100  114  122  129  134
  136  132  125  119  114  110  107  103  101  101  101   99   94   90   93  105
  123  141  153  160  167  179  197  217  232  237  237  240  253  275  300  324
  346  368  389  401  396  369  325  277  236
    25.0-180.0 180.0   5.0 450.0                            LAT/LON1/LON2/DLON/H
  293  249  215  192  177  168  158  142  121   99   88   89   97  103  102   96
   91   91   95   95   85   66   46   36   45   70  102  129  147  159  167  171
  168  159  145  133  125  119  112  105  100   97   96   92   86   83   87  101
  123  144  159  169  179  194  216  237  251  254  252  255  273  304  341  376
  407  435  460  477  475  448  402  346  293
    22.5-180.0 180.0   5.0 450.0                            LAT/LON1/LON2/DLON/H
  356  305  264  234  217  207  197  178  150  122  104  100  104  107  102   91
   83   81   85   88   85   76   67   66   80  107  138  165  184  195  202  204
  197  180  161  144  132  124  114  104   95   91   88   83   77   74   81   98
  123  148  167  180  194  213  238  261  274  276  273  279  302  340  384  424
  458  488  515  535  537  515  471  414  356
    20.0-180.0 180.0   5.0 450.0                            LAT/LON1/LON2/DLON/H
  419  368  325  293  274  264  251  229  195  159  134  123  122  120  110   95
   82   76   79   88   97  105  111  121  137  159  182  202  214  223  228  226
  215  193  168  148  134  123  112   99   88   82   78   73   68   67   76   97
  126  154  176  193  211  234  261  285  299  302  301  310  337  378  423  462
  493  520  545  566  573  558  522  473  419
    17.5-180.0 180.0   5.0 450.0                            LAT/LON1/LON2/DLON/H
  472  429  391  361  342  330  316  291  252  210  178  160  153  146  133  114
   96   86   88  103  126  153  177  195  207  217  224  229  232  235  237  233
  219  194  167  145  129  118  105   91   80   73   69   65   60   62   75   99
  130  160  185  206  227  253  282  308  323  327  331  344  373  413  453  485
  507  526  547  567  579  573  550  514  472
    15.0-180.0 180.0   5.0 450.0                            LAT/LON1/LON2/DLON/H
  510  482  453  428  410  397  382  355  315  270  232  210  198  189  175  155
  134  119  119  138  175  218  255  275  277  267  253  240  232  230  229  224
  210  185  158  137  122  110   97   84   74   68   64   60   57   61   76  104
  136  168  194  217  241  270  300  325  342  350  358  375  405  441  472  492
  502  511  525  543  558  562  553  534  510
    12.5-180.0 180.0   5.0 450.0                            LAT/LON1/LON2/DLON/H
  531  521  505  486  469  456  440  414  375  331  292  267  254  245  234  217
  195  177  173  194  238  292  334  348  333  299  261  232  215  209  208  205
  192  171  148  128  114  103   91   80   71   67   64   60   58   64   82  111
  144  175  202  226  252  281  311  337  354  366  379  400  429  458  479  486
  484  483  491  506  522  533  537  536  531
    10.0-180.0 180.0   5.0 450.0                            LAT/LON1/LON2/DLON/H
  537  544  541  530  515  500  484  460  426  386  350  325  313  308  303  292
  273  253  246  263  307  361  398  398  361  304  248  208  187  181  182  182
  174  159  140  123  110  100   89   80   75   73   70   67   65   72   91  121
  153  183  209  233  259  288  316  340  358  373  390  414  442  465  476  473
  462  455  458  470  485  500  513  525  537
     7.5-180.0 180.0   5.0 450.0                            LAT/LON1/LON2/DLON/H
  533  553  562  558  544  528  512  492  464  431  400  378  369  369  371  368
  354  335  323  334  370  413  434  414  356  282  217  175  157  156  161  165
  162  153  139  126  114  103   93   87   84   84   81   77   76   83  103  133
  164  192  216  239  263  290  316  338  355  372  392  417  444  463  468  460
  447  439  440  450  463  476  491  510  533
     5.0-180.0 180.0   5.0 450.0                            LAT/LON1/LON2/DLON/H
  525  552  570  572  561  544  528  511  490  464  439  420  412  416  424  428
  421  404  389  391  411  434  433  393  319  239  177  145  138  144  154  160
  162  157  148  137  125  113  103   98   97   97   95   90   88   97  117  145
  175  201  223  244  267  290  312  330  346  363  384  410  436  454  458  453
  444  441  445  454  463  471  481  499  525
     2.5-180.0 180.0   5.0 450.0                            LAT/LON1/LON2/DLON/H
  520  548  570  578  570  554  537  521  505  485  464  447  438  441  450  459
  457  444  428  419  421  419  395  337  259  187  142  129  137  151  163  170
  173  171  165  154  140  126  116  111  110  111  108  102  101  110  131  158
  186  210  231  251  270  288  305  320  334  350  372  398  424  443  452  454
  456  463  474  484  489  488  488  498  520
