products/ionex/COD0OPSFIN_20260150000_01D_01H_GIM.INX
     1.0            IONOSPHERE MAPS     GNSS                IONEX VERSION / TYPE
ADDNEQ2 V5.5        AIUB                19-JAN-26 18:59     PGM / RUN BY / DATE 
CODE'S GLOBAL IONOSPHERE MAPS FOR DAY 015, 2026             COMMENT             
Global ionosphere maps (GIM) are generated on a daily basis DESCRIPTION         
at CODE using data from about 300 GNSS sites of the IGS and DESCRIPTION         
other institutions. The vertical total electron content     DESCRIPTION         
(VTEC) is modeled in a solar-geomagnetic reference frame    DESCRIPTION         
using a spherical harmonics expansion up to degree and      DESCRIPTION         
order 15. Piece-wise linear functions are used for          DESCRIPTION         
representation in the time domain. The time spacing of      DESCRIPTION         
their vertices is 1 hour, conforming with the epochs of the DESCRIPTION         
VTEC maps.                                                  DESCRIPTION         
To convert line-of-sight TEC into vertical TEC, a modified  DESCRIPTION         
single-layer model mapping function approximating the JPL   DESCRIPTION         
extended slab model mapping function is adopted. The        DESCRIPTION         
mapping function is evaluated at geodetic satellite         DESCRIPTION         
elevation angles. For the computation of the ionospheric    DESCRIPTION         
pierce points, a spherical layer with a radius of 6821 km   DESCRIPTION         
is assumed, implying geocentric, not geodetic IONEX         DESCRIPTION         
latitudes.                                                  DESCRIPTION         
Instrumental biases with respect to each involved GNSS code DESCRIPTION         
observable are estimated as constant values for each        DESCRIPTION         
day. They are modeled with one set of bias parameters for   DESCRIPTION         
each satellite and each station in case of GPS and for each DESCRIPTION         
satellite-station link in case of GLONASS. The code bias    DESCRIPTION         
datum is defined by zero-mean conditions imposed on the     DESCRIPTION         
satellite bias estimates. In this file, just GPS C1W-C2W    DESCRIPTION         
satellite and station bias values are included. The         DESCRIPTION         
complete set of GNSS code bias results is provided in an    DESCRIPTION         
additional Bias-SINEX file as pseudo-absolute values        DESCRIPTION         
specific to each observable.                                DESCRIPTION         
Note: These GIM results correspond to the results for the   DESCRIPTION         
middle day of a 3-day combination analysis solving for 73   DESCRIPTION         
times 256, or 18688 VTEC parameters and 3 daily sets of     DESCRIPTION         
GNSS code bias parameters.                                  DESCRIPTION         
Contact address: code(at)aiub.unibe.ch                      DESCRIPTION         
Data archive:    ftp.aiub.unibe.ch/CODE/                    DESCRIPTION         
                 www.aiub.unibe.ch/download/CODE/           DESCRIPTION         
  2026     1    15     0     0     0                        EPOCH OF FIRST MAP  
  2026     1    16     0     0     0                        EPOCH OF LAST MAP   
  3600                                                      INTERVAL            
[...]
albh algo alic areg areq ascg aspa auck azgb badg bake barh COMMENT             
bjfs bndy boav bogo bogt bor1 braz brst brux bshm cas1 ccj2 COMMENT             
cedu chpg chpi chti chur ckis coco cord cpvg cpxf cro1 daej COMMENT             
darw dav1 dgar drao ebre faa1 fair flin flrs frdn func ganp COMMENT             
glps glsv gode gol2 gold gope gras graz guam guug harb hers COMMENT             
hert hlfx hnpt hob2 hofn holb holm hrao iddr ieng iisc impz COMMENT             
ineg invk iqal irkj jog2 joz2 kerg kir0 kiri kiru kit3 kokb COMMENT             
kokv kouc koug kour krgg lama laut lmmf lpal lpgs m0se mac1 COMMENT             
madr mal2 mas1 mat1 mate maui maw1 mcil mcm4 mdo1 medi mgue COMMENT             
mizu mkea mnls mobs monp morp mqzg mro1 nano naur nico nist COMMENT             
nium nklg nlib nnor not1 nrc1 nrmd ntus nya1 nyal onsa ous2 COMMENT             
parc park pdel penc pert pie1 pimo pohn pol2 pots pove ptag COMMENT             
ptbb qaq1 quin ramo reso reun reyk rgdg rio2 roth salu samo COMMENT             
sant sch2 scor scrz sctb sfer smst sofi spt0 ssia sthl stjo COMMENT             
stk2 str2 suth sutm suwn sydn syog tash thtg thti thu2 tid1 COMMENT             
tidb tlse tn22 tong tow2 tro1 tskb tuva twtf txes uclu ufpr COMMENT             
ulab unb3 unbj unsa urum usn7 usud vald vill voim vtsp wab2 COMMENT             
wark wgtn whit will wind wsrt wtzr wtzs wtzz wuhn xmis yar2 COMMENT             
yar3 yarr yell ykro zamb zeck zim2 zim3 zimm                COMMENT             
                                                            END OF HEADER       
[from data line 7722]
    19                                                      START OF TEC MAP    
  2026     1    15    18     0     0                        EPOCH OF CURRENT MAP
    87.5-180.0 180.0   5.0 450.0                            LAT/LON1/LON2/DLON/H
   51   51   51   51   51   52   52   53   53   54   55   56   56   57   58   59
   60   61   61   62   63   64   64   65   66   66   67   67   68   68   68   68
   68   69   68   68   68   68   68   67   67   66   66   65   64   64   63   62
   61   61   60   59   58   58   57   56   56   55   55   54   54   53   53   52
   52   52   51   51   51   51   51   51   51
    85.0-180.0 180.0   5.0 450.0                            LAT/LON1/LON2/DLON/H
   45   45   45   45   45   46   47   48   49   50   52   54   55   57   59   61
   62   64   66   67   68   70   71   72   73   73   74   75   76   76   77   77
   77   77   77   77   77   77   76   75   74   73   72   70   69   68   66   65
   63   62   60   59   58   57   56   55   54   54   53   52   52   51   51   50
   49   49   48   48   47   47   46   46   45
    82.5-180.0 180.0   5.0 450.0                            LAT/LON1/LON2/DLON/H
   44   43   42   42   42   43   44   45   47   49   52   54   57   60   63   66
   68   70   72   74   75   76   77   78   79   79   80   80   81   81   82   82
   83   83   84   84   84   83   83   81   80   78   77   74   72   70   68   66
   64   62   60   59   58   56   56   55   54   54   54   54   54   54   53   53
   53   52   52   51   49   48   47   46   44
    80.0-180.0 180.0   5.0 450.0                            LAT/LON1/LON2/DLON/H
   49   46   44   43   42   42   43   45   47   50   54   58   62   66   70   74
   77   79   82   83   84   85   85   84   84   83   83   82   82   82   83   84
   85   85   86   87   87   87   86   85   84   82   79   77   74   71   69   66
   64   62   60   59   58   57   56   56   56   57   57   58   59   60   60   61
   61   61   61   60   58   56   54   51   49
    77.5-180.0 180.0   5.0 450.0                            LAT/LON1/LON2/DLON/H
   58   54   50   47   45   44   45   47   50   54   59   64   69   75   80   84
   88   92   94   96   96   96   95   93   90   87   85   83   81   80   80   80
   82   83   84   86   87   87   87   86   84   82   79   77   74   71   68   66
   64   62   61   60   59   59   59   59   59   60   61   63   65   67   69   71
   73   74   74   74   72   70   66   62   58
    75.0-180.0 180.0   5.0 450.0                            LAT/LON1/LON2/DLON/H
   70   64   58   53   49   48   48   50   54   59   65   71   78   84   90   96
  101  106  109  111  112  111  109  105  100   94   89   84   79   76   74   74
   75   76   78   80   82   83   83   82   81   79   77   74   72   69   67   66
   64   63   63   62   62   62   62   62   63   63   65   67   69   72   76   79
   82   85   87   88   88   85   81   76   70
    72.5-180.0 180.0   5.0 450.0                            LAT/LON1/LON2/DLON/H
   82   74   66   59   55   52   52   54   59   64   71   78   85   93  100  107
  114  121  126  130  132  132  129  123  115  106   97   87   79   73   68   66
   65   66   68   70   72   74   74   74   73   72   70   69   67   66   66   65
   65   65   65   65   65   65   65   64   64   65   66   67   70   73   77   82
   87   92   96   99  100   99   95   89   82
    70.0-180.0 180.0   5.0 450.0                            LAT/LON1/LON2/DLON/H
   90   81   72   64   58   55   55   58   63   69   76   83   91   99  107  117
  126  136  145  152  157  158  155  148  137  124  110   96   83   72   64   59
   56   56   57   58   60   61   62   62   62   62   61   61   61   62   63   64
   65   66   66   67   67   66   66   65   64   63   63   64   65   68   72   78
   84   91   97  103  106  106  103   98   90
    67.5-180.0 180.0   5.0 450.0                            LAT/LON1/LON2/DLON/H
   91   82   72   64   58   56   57   60   66   73   80   87   95  103  113  124
  136  150  163  175  183  187  185  177  164  148  129  109   91   76   64   55
   50   47   46   46   47   47   48   48   49   49   50   51   53   56   58   60
   63   64   65   65   65   64   63   62   60   58   57   56   56   57   61   66
   72   80   88   96  101  104  103   98   91
    65.0-180.0 180.0   5.0 450.0                            LAT/LON1/LON2/DLON/H
   83   75   67   59   55   54   56   61   68   76   83   91   98  106  117  130
  146  163  181  198  210  217  216  208  194  174  151  127  105   85   69   57
   48   43   39   37   35   35   34   34   35   36   38   41   44   48   51   55
   57   59   59   59   59   58   56   55   53   51   48   46   45   44   45   49
   54   62   70   79   86   91   92   89   83
    62.5-180.0 180.0   5.0 450.0                            LAT/LON1/LON2/DLON/H
   68   62   55   50   48   49   54   62   71   81   89   96  104  112  123  138
  156  177  198  218  233  242  244  236  221  200  174  148  123  101   82   67
   55   45   38   32   29   26   24   23   24   25   28   31   35   40   43   47
   49   50   50   49   49   48   46   45   44   42   39   36   33   31   30   30
   34   39   47   55   63   69   72   72   68
    60.0-180.0 180.0   5.0 450.0                            LAT/LON1/LON2/DLON/H
   48   44   41   38   39   44   53   64   77   88   98  106  114  122  134  149
  168  190  213  234  250  261  263  257  242  221  196  170  144  121  101   84
   69   55   44   35   28   23   20   18   18   19   21   25   29   32   36   38
   39   39   39   38   37   36   35   35   35   34   32   29   25   21   18   15
   16   18   23   30   37   44   48   50   48
    57.5-180.0 180.0   5.0 450.0                            LAT/LON1/LON2/DLON/H
   28   27   26   27   32   41   54   70   86  101  113  122  130  139  150  165
  183  204  225  244  259  270  273  268  256  237  214  190  166  144  125  106
   89   72   57   45   35   27   22   19   17   18   19   22   25   28   29   30
   30   30   29   27   27   26   27   28   29   29   29   26   22   17   12    7
    4    3    5    9   14   20   25   28   28
    55.0-180.0 180.0   5.0 450.0                            LAT/LON1/LON2/DLON/H
   13   14   16   20   28   41   58   79   99  117  132  143  152  161  172  186
  201  218  234  248  260  269  272  269  260  245  227  207  187  168  149  131
  111   92   74   58   46   37   31   26   24   23   23   25   26   27   27   26
   25   24   23   23   23   23   24   26   28   30   30   28   24   19   13    7
    1    0    0    0    0    3    8   11   13
    52.5-180.0 180.0   5.0 450.0                            LAT/LON1/LON2/DLON/H
    6    9   12   18   29   46   67   91  116  137  155  168  179  188  198  209
  220  231  240  248  255  260  264  264  259  249  235  219  203  187  171  152
  132  110   90   73   60   50   43   38   34   32   31   31   31   31   29   27
   26   26   26   26   27   28   30   32   33   35   35   34   31   26   20   13
    6    0    0    0    0    0    1    4    6
    50.0-180.0 180.0   5.0 450.0                            LAT/LON1/LON2/DLON/H
    9   11   16   23   36   55   79  107  134  159  179  194  206  215  224  232
  239  244  246  246  247  250  253  255  254  248  239  226  213  200  184  166
  145  122  102   85   73   64   57   51   47   44   43   42   40   38   36   34
   33   34   36   38   40   42   43   44   45   45   44   43   40   36   31   25
   18   10    4    0    0    1    4    7    9
    47.5-180.0 180.0   5.0 450.0                            LAT/LON1/LON2/DLON/H
   19   21   25   34   48   68   93  122  151  178  200  217  229  239  247  253
  256  256  251  246  242  242  245  249  251  247  239  228  216  203  187  169
  147  125  106   91   82   75   69   64   59   56   54   53   51   49   46   45
   46   49   53   57   59   61   61   60   59   58   55   53   50   47   43   38
   31   24   18   14   13   14   16   18   19
    45.0-180.0 180.0   5.0 450.0                            LAT/LON1/LON2/DLON/H
   34   35   38   47   61   81  107  136  166  193  216  233  247  257  265  270
  272  268  260  251  244  242  244  248  250  246  237  225  211  196  180  161
  140  119  103   92   86   82   78   74   69   66   65   64   63   60   58   58
   60   65   71   76   79   80   79   77   74   70   66   62   58   55   52   49
   44   38   33   30   29   31   33   34   34
    42.5-180.0 180.0   5.0 450.0                            LAT/LON1/LON2/DLON/H
   48   48   51   59   74   94  119  148  176  202  225  243  258  269  278  284
  285  281  273  263  255  251  251  253  253  246  233  217  200  183  166  147
  127  109   96   90   88   87   85   81   76   74   74   74   73   71   70   71
   75   81   88   93   95   95   93   90   86   81   75   69   64   61   59   56
   52   48   44   42   43   46   48   49   48
    40.0-180.0 180.0   5.0 450.0                            LAT/LON1/LON2/DLON/H
   58   58   61   70   85  105  129  156  182  207  229  248  263  277  287  294
  298  297  291  283  275  268  265  262  257  245  228  208  188  170  152  133
  115  100   91   89   92   93   91   87   83   81   81   82   82   80   80   82
   86   93   99  102  103  102   99   96   92   87   81   74   69   65   63   60
   57   52   49   49   52   56   59   60   58
    37.5-180.0 180.0   5.0 450.0                            LAT/LON1/LON2/DLON/H
   62   63   67   77   93  114  137  162  186  209  230  249  266  282  294  304
  310  313  312  307  299  290  281  271  259  243  223  201  181  163  146  130
  114  102   97   98  101  103  100   95   91   90   90   91   90   88   88   90
   95  100  103  103  101   98   96   94   92   88   83   78   72   69   65   62
   57   53   50   50   54   59   63   63   62
    35.0-180.0 180.0   5.0 450.0                            LAT/LON1/LON2/DLON/H
   60   62   69   82  100  122  145  168  190  211  231  251  271  288  303  314
  323  329  332  330  322  309  293  276  259  240  221  201  184  170  158  145
  133  123  118  119  121  120  115  109  104  102  102  101   98   96   95   97
  101  103  103   98   93   88   86   86   86   86   84   80   76   72   68   63
   57   51   47   47   51   56   60   61   60
    32.5-180.0 180.0   5.0 450.0                            LAT/LON1/LON2/DLON/H
   55   59   70   86  107  131  154  177  198  217  237  258  279  299  315  326
  335  342  346  346  336  319  297  274  255  238  225  213  204  198  191  183
  174  164  158  155  152  146  137  128  123  120  118  115  109  105  104  105
  108  107  101   92   83   76   74   76   79   82   83   82   80   77   73   66
   58   49   44   43   46   50   53   54   55
    30.0-180.0 180.0   5.0 450.0                            LAT/LON1/LON2/DLON/H
   49   57   71   92  116  142  167  190  210  229  248  270  294  315  330  339
  345  349  352  350  339  317  291  266  249  241  239  240  243  247  248  245
  237  225  214  203  192  179  165  154  148  144  140  132  123  116  114  116
  117  113  103   90   77   69   67   70   75   80   84   86   85   83   78   71
   61   51   43   41   42   44   46   47   49
    27.5-180.0 180.0   5.0 450.0                            LAT/LON1/LON2/DLON/H
   46   58   76  101  129  157  184  208  229  247  267  290  314  336  349  353
  352  350  348  342  328  304  277  256  248  253  266  283  300  313  322  323
  314  299  279  258  237  215  197  184  177  173  166  154  141  131  129  131
  131  125  112   95   81   71   69   71   76   82   87   90   91   90   85   77
   66   55   47   43   42   42   42   42   46
    25.0-180.0 180.0   5.0 450.0                            LAT/LON1/LON2/DLON/H
   48   62   85  113  144  175  204  230  252  271  291  314  339  359  369  367
  357  346  336  325  308  284  262  250  255  277  308  340  368  390  403  405
  395  373  344  312  280  251  228  214  207  203  193  178  161  149  146  148
  149  142  128  111   95   86   82   83   86   90   93   96   97   96   91   83
   73   63   54   49   46   44   42   42   48
    22.5-180.0 180.0   5.0 450.0                            LAT/LON1/LON2/DLON/H
   53   70   96  127  160  193  225  254  278  298  318  340  364  384  390  382
  363  342  323  306  287  267  253  255  277  316  362  405  439  464  479  481
  467  438  400  357  316  281  255  241  235  230  219  201  181  168  165  168
  169  163  149  133  119  110  106  104  103  102  102  102  102  100   95   88
   79   70   63   58   54   51   47   46   53
    20.0-180.0 180.0   5.0 450.0                            LAT/LON1/LON2/DLON/H
   61   80  108  141  176  210  244  276  303  325  344  366  389  407  412  400
  374  344  317  294  275  262  260  277  316  368  422  468  502  524  537  536
  519  485  439  389  342  303  276  263  258  253  242  222  200  186  183  186
  188  183  172  159  148  140  135  130  125  119  113  109  106  103   97   91
   83   76   71   67   64   59   54   53   61
    17.5-180.0 180.0   5.0 450.0                            LAT/LON1/LON2/DLON/H
   68   88  118  153  188  224  260  295  325  349  369  390  412  430  435  422
  394  360  327  301  283  276  287  318  368  427  481  522  547  563  570  567
  548  511  461  408  358  319  292  279  275  270  259  238  217  202  198  201
  203  200  192  183  175  168  163  156  147  136  126  117  110  104   97   91
   84   79   76   74   71   67   61   60   68
    15.0-180.0 180.0   5.0 450.0                            LAT/LON1/LON2/DLON/H
   73   94  125  160  196  233  271  309  342  368  389  410  432  452  460  452
  427  394  360  332  315  315  334  374  429  485  531  558  571  576  578  573
  554  518  469  417  370  332  306  292  287  282  270  251  230  215  210  211
  213  211  206  200  195  190  186  178  167  152  137  124  113  104   97   90
   84   80   78   77   76   72   67   65   73
    12.5-180.0 180.0   5.0 450.0                            LAT/LON1/LON2/DLON/H
   77   97  128  164  201  238  278  318  355  383  405  427  451  474  488  488
  473  446  415  388  372  374  398  439  490  535  565  575  573  568  566  561
  545  514  470  424  382  348  322  305  297  290  279  262  242  227  220  219
  219  217  213  209  205  203  199  192  181  164  147  130  117  106   97   89
   83   79   77   77   77   75   71   69   77
    10.0-180.0 180.0   5.0 450.0                            LAT/LON1/LON2/DLON/H
   80   99  130  166  203  240  282  324  363  394  418  441  467  495  518  529
  527  511  487  462  447  448  468  503  542  571  581  574  558  547  544  543
  533  509  474  436  401  370  343  322  308  298  287  272  254  239  229  225
  223  221  217  212  209  206  204  199  189  173  155  137  122  110  100   92
   84   79   76   75   76   76   74   73   80
     7.5-180.0 180.0   5.0 450.0                            LAT/LON1/LON2/DLON/H
   85  103  133  168  205  243  285  329  370  403  430  454  483  515  546  570
  581  579  565  544  528  525  536  558  579  588  581  560  538  526  526  531
  528  512  486  458  429  400  371  345  324  310  297  283  267  252  241  234
  230  225  220  214  208  204  203  200  192  179  161  144  129  117  107   98
   89   81   76   75   77   78   78   78   85
     5.0-180.0 180.0   5.0 450.0                            LAT/LON1/LON2/DLON/H
   94  112  140  174  210  247  290  335  377  412  440  466  496  532  569  602
  627  639  635  620  603  592  591  596  598  590  569  543  521  514  521  532
  536  528  510  488  465  437  405  371  344  325  311  298  283  269  257  248
  242  235  227  218  209  203  201  200  195  184  168  152  137  126  116  107
   98   88   81   78   81   84   86   88   94
     2.5-180.0 180.0   5.0 450.0                            LAT/LON1/LON2/DLON/H
  110  126  152  184  218  255  297  342  385  421  450  477  508  543  583  622
  656  678  685  676  659  642  628  616  602  581  555  531  517  519  534  551
  559  554  541  524  503  475  439  400  366  342  327  314  301  288  276  267
  259  251  241  228  215  207  203  203  199  190  176  161  147  136  127  119
  109   98   90   86   89   95   99  103  110
