products/ionex/COD0OPSFIN_20260150000_01D_01H_GIM.INX
     1.0            IONOSPHERE MAPS     GNSS                IONEX VERSION / TYPE
ADDNEQ2 V5.5        AIUB                19-JAN-26 18:59     PGM / RUN BY / DATE 
CODE'S GLOBAL IONOSPHERE MAPS FOR DAY 015, 2026             COMMENT             
Global ionosphere maps (GIM) are generated on a daily basis DESCRIPTION         
at CODE using data from about 300 GNSS sites of the IGS and DESCRIPTION         
other institutions. The vertical total electron content     DESCRIPTION         
(VTEC) is modeled in a solar-geomagnetic reference frame    DESCRIPTION         
using a spherical harmonics expansion up to degree and      DESCRIPTION         
order 15. Piece-wise linear functions are used for          DESCRIPTION         
representation in the time domain. The time spacing of      DESCRIPTION         
their vertices is 1 hour, conforming with the epochs of the DESCRIPTION         
VTEC maps.                                                  DESCRIPTION         
To convert line-of-sight TEC into vertical TEC, a modified  DESCRIPTION         
single-layer model mapping function approximating the JPL   DESCRIPTION         
extended slab model mapping function is adopted. The        DESCRIPTION         
mapping function is evaluated at geodetic satellite         DESCRIPTION         
elevation angles. For the computation of the ionospheric    DESCRIPTION         
pierce points, a spherical layer with a radius of 6821 km   DESCRIPTION         
is assumed, implying geocentric, not geodetic IONEX         DESCRIPTION         
latitudes.                                                  DESCRIPTION         
Instrumental biases with respect to each involved GNSS code DESCRIPTION         
observable are estimated as constant values for each        DESCRIPTION         
day. They are modeled with one set of bias parameters for   DESCRIPTION         
each satellite and each station in case of GPS and for each DESCRIPTION         
satellite-station link in case of GLONASS. The code bias    DESCRIPTION         
datum is defined by zero-mean conditions imposed on the     DESCRIPTION         
satellite bias estimates. In this file, just GPS C1W-C2W    DESCRIPTION         
satellite and station bias values are included. The         DESCRIPTION         
complete set of GNSS code bias results is provided in an    DESCRIPTION         
additional Bias-SINEX file as pseudo-absolute values        DESCRIPTION         
specific to each observable.                                DESCRIPTION         
Note: These GIM results correspond to the results for the   DESCRIPTION         
middle day of a 3-day combination analysis solving for 73   DESCRIPTION         
times 256, or 18688 VTEC parameters and 3 daily sets of     DESCRIPTION         
GNSS code bias parameters.                                  DESCRIPTION         
Contact address: code(at)aiub.unibe.ch                      DESCRIPTION         
Data archive:    ftp.aiub.unibe.ch/CODE/                    DESCRIPTION         
                 www.aiub.unibe.ch/download/CODE/           DESCRIPTION         
  2026     1    15     0     0     0                        EPOCH OF FIRST MAP  
  2026     1    16     0     0     0                        EPOCH OF LAST MAP   
  3600                                                      INTERVAL            
[...]
albh algo alic areg areq ascg aspa auck azgb badg bake barh COMMENT             
bjfs bndy boav bogo bogt bor1 braz brst brux bshm cas1 ccj2 COMMENT             
cedu chpg chpi chti chur ckis coco cord cpvg cpxf cro1 daej COMMENT             
darw dav1 dgar drao ebre faa1 fair flin flrs frdn func ganp COMMENT             
glps glsv gode gol2 gold gope gras graz guam guug harb hers COMMENT             
hert hlfx hnpt hob2 hofn holb holm hrao iddr ieng iisc impz COMMENT             
ineg invk iqal irkj jog2 joz2 kerg kir0 kiri kiru kit3 kokb COMMENT             
kokv kouc koug kour krgg lama laut lmmf lpal lpgs m0se mac1 COMMENT             
madr mal2 mas1 mat1 mate maui maw1 mcil mcm4 mdo1 medi mgue COMMENT             
mizu mkea mnls mobs monp morp mqzg mro1 nano naur nico nist COMMENT             
nium nklg nlib nnor not1 nrc1 nrmd ntus nya1 nyal onsa ous2 COMMENT             
parc park pdel penc pert pie1 pimo pohn pol2 pots pove ptag COMMENT             
ptbb qaq1 quin ramo reso reun reyk rgdg rio2 roth salu samo COMMENT             
sant sch2 scor scrz sctb sfer smst sofi spt0 ssia sthl stjo COMMENT             
stk2 str2 suth sutm suwn sydn syog tash thtg thti thu2 tid1 COMMENT             
tidb tlse tn22 tong tow2 tro1 tskb tuva twtf txes uclu ufpr COMMENT             
ulab unb3 unbj unsa urum usn7 usud vald vill voim vtsp wab2 COMMENT             
wark wgtn whit will wind wsrt wtzr wtzs wtzz wuhn xmis yar2 COMMENT             
yar3 yarr yell ykro zamb zeck zim2 zim3 zimm                COMMENT             
                                                            END OF HEADER       
[from data line 429]
     2                                                      START OF TEC MAP    
  2026     1    15     1     0     0                        EPOCH OF CURRENT MAP
    87.5-180.0 180.0   5.0 450.0                            LAT/LON1/LON2/DLON/H
   56   58   59   60   61   62   64   65   66   67   67   68   69   69   70   70
   70   70   70   69   69   68   67   67   66   65   64   63   61   60   59   58
   57   56   55   53   52   51   50   49   48   47   46   45   45   44   43   42
   42   41   41   41   41   40   41   41   41   41   42   42   43   44   45   46
   47   48   49   50   51   52   54   55   56
    85.0-180.0 180.0   5.0 450.0                            LAT/LON1/LON2/DLON/H
   56   58   60   62   64   66   68   70   72   74   76   78   79   80   81   81
   81   81   80   79   78   76   74   72   70   68   66   63   61   59   57   55
   53   51   50   48   47   45   44   42   41   40   38   37   35   34   32   31
   30   29   28   27   26   26   26   26   27   28   29   31   32   34   36   38
   40   42   44   46   48   50   52   54   56
    82.5-180.0 180.0   5.0 450.0                            LAT/LON1/LON2/DLON/H
   57   59   61   63   65   67   70   73   75   78   81   83   85   86   87   88
   88   87   85   83   81   78   75   72   68   65   61   58   55   52   50   47
   46   44   43   42   41   40   39   38   37   36   34   33   31   28   26   24
   22   19   17   16   15   14   14   15   17   18   21   24   27   31   34   37
   41   44   46   49   51   53   54   56   57
    80.0-180.0 180.0   5.0 450.0                            LAT/LON1/LON2/DLON/H
   65   65   65   66   67   68   71   73   76   80   82   85   87   88   89   89
   88   87   85   82   79   75   71   67   62   58   53   49   46   43   41   39
   38   38   38   38   38   38   39   39   38   38   36   34   32   29   26   22
   19   15   12    9    7    7    7    8   11   15   19   25   31   37   43   48
   53   58   61   64   65   66   66   66   65
    77.5-180.0 180.0   5.0 450.0                            LAT/LON1/LON2/DLON/H
   82   78   75   73   72   73   74   76   78   81   83   85   86   86   86   85
   84   82   79   76   73   69   65   60   55   50   46   42   39   36   35   34
   34   35   37   38   40   42   43   44   45   45   44   42   39   35   31   26
   21   16   11    8    5    4    4    7   11   17   24   33   42   52   61   70
   77   83   88   90   91   90   88   85   82
    75.0-180.0 180.0   5.0 450.0                            LAT/LON1/LON2/DLON/H
  106   99   92   87   83   81   81   82   83   84   85   85   84   82   80   77
   74   72   70   67   65   62   58   54   50   45   41   38   35   34   34   34
   36   38   40   43   46   49   51   53   54   54   54   52   49   45   40   34
   28   22   15   10    7    5    6   10   16   24   35   47   60   73   86   98
  108  116  122  125  125  123  119  113  106
    72.5-180.0 180.0   5.0 450.0                            LAT/LON1/LON2/DLON/H
  135  124  114  105   99   95   93   92   92   92   90   87   83   77   72   66
   62   60   58   57   57   56   54   51   48   44   41   38   37   37   37   39
   42   45   48   51   53   56   59   61   62   63   63   62   59   55   50   44
   37   29   22   16   12   10   11   16   23   34   47   62   79   95  111  125
  138  148  156  160  161  158  153  144  135
    70.0-180.0 180.0   5.0 450.0                            LAT/LON1/LON2/DLON/H
  162  149  136  125  116  110  107  106  105  103   99   92   84   74   64   56
   51   48   48   50   52   53   54   52   50   47   44   42   41   42   44   46
   49   52   54   57   59   61   63   64   66   67   68   67   65   62   58   52
   45   37   30   23   18   16   17   23   31   44   59   76   94  112  129  145
  159  171  180  186  189  187  182  173  162
    67.5-180.0 180.0   5.0 450.0                            LAT/LON1/LON2/DLON/H
  182  168  154  141  131  124  120  119  118  115  109  100   88   73   60   49
   42   40   42   46   51   55   56   56   53   50   47   45   45   47   49   52
   54   56   57   58   59   59   60   61   63   64   66   66   66   64   60   55
   49   42   35   28   23   21   23   28   38   51   67   84  102  119  136  151
  165  178  188  197  202  204  201  193  182
    65.0-180.0 180.0   5.0 450.0                            LAT/LON1/LON2/DLON/H
  192  179  165  151  140  132  129  128  128  126  120  109   94   77   60   47
   39   37   40   46   53   58   60   58   55   51   47   45   46   48   50   53
   55   55   55   53   52   51   51   52   53   55   57   59   60   59   57   54
   49   43   36   30   26   24   25   31   41   54   70   86  102  117  130  143
  156  168  179  190  199  205  206  201  192
    62.5-180.0 180.0   5.0 450.0                            LAT/LON1/LON2/DLON/H
  192  182  168  154  142  134  131  131  132  132  127  117  101   83   65   51
   42   40   44   51   57   61   61   58   53   47   43   41   41   44   47   49
   50   49   46   43   40   38   38   38   40   42   45   47   49   50   49   47
   44   39   34   28   24   23   25   31   40   53   68   82   95  107  117  126
  135  146  158  170  183  193  198  198  192
    60.0-180.0 180.0   5.0 450.0                            LAT/LON1/LON2/DLON/H
  186  178  166  152  140  131  127  127  130  131  129  122  108   91   74   59
   51   48   51   56   61   62   60   54   46   39   35   33   34   37   40   42
   41   39   36   32   28   26   25   25   27   30   32   35   37   38   38   37
   35   32   28   23   20   19   21   27   37   50   63   76   86   94  100  105
  111  120  131  145  160  174  183  188  186
    57.5-180.0 180.0   5.0 450.0                            LAT/LON1/LON2/DLON/H
  178  173  163  151  138  128  122  121  123  126  126  122  113   99   84   71
   61   58   58   61   62   60   55   47   38   31   27   26   28   31   33   35
   34   31   27   23   20   18   17   18   19   21   23   25   27   28   28   28
   27   24   21   18   15   14   17   23   33   45   58   70   79   84   88   90
   94  100  111  125  140  156  168  176  178
    55.0-180.0 180.0   5.0 450.0                            LAT/LON1/LON2/DLON/H
  173  172  165  155  142  130  121  116  115  117  119  119  114  105   93   81
   72   66   63   62   60   55   48   39   31   25   23   23   26   29   30   31
   30   27   25   22   20   19   18   18   19   19   20   21   22   22   22   22
   21   19   16   13   11   11   14   20   31   43   56   68   76   81   84   86
   89   94  104  117  131  146  159  169  173
    52.5-180.0 180.0   5.0 450.0                            LAT/LON1/LON2/DLON/H
  176  178  175  168  156  142  129  118  113  111  113  114  113  107   99   88
   78   70   64   60   56   50   42   35   29   26   26   28   31   32   33   32
   31   30   30   29   29   28   28   27   26   25   25   24   24   23   22   21
   20   18   16   14   12   12   15   22   32   45   58   70   79   85   90   93
   97  104  112  123  136  148  160  169  176
    50.0-180.0 180.0   5.0 450.0                            LAT/LON1/LON2/DLON/H
  184  190  192  189  180  166  149  132  119  111  109  109  110  107  100   91
   80   70   62   56   51   46   41   37   35   35   37   40   41   41   39   38
   37   39   41   43   44   45   43   42   39   37   36   34   33   31   30   28
   26   24   22   20   19   19   22   29   40   52   66   78   88   96  103  110
  117  124  133  142  151  160  169  177  184
    47.5-180.0 180.0   5.0 450.0                            LAT/LON1/LON2/DLON/H
  196  204  212  215  211  198  178  155  135  119  111  108  108  105   99   89
   77   66   58   53   50   48   46   46   47   50   53   55   54   51   47   44
   45   49   54   59   62   63   61   58   55   52   50   49   48   46   43   41
   38   36   34   32   31   31   34   42   52   65   77   89   99  109  119  129
  139  148  157  165  171  177  182  188  196
    45.0-180.0 180.0   5.0 450.0                            LAT/LON1/LON2/DLON/H
  205  216  229  238  239  230  211  185  158  135  120  113  108  104   96   85
   73   62   56   53   54   56   58   60   63   66   68   68   64   58   52   49
   51   58   66   73   77   77   76   73   70   68   67   66   65   63   61   57
   55   52   50   48   47   47   51   58   69   80   92  102  112  122  133  145
  156  167  175  182  187  190  193  197  205
    42.5-180.0 180.0   5.0 450.0                            LAT/LON1/LON2/DLON/H
  209  221  236  250  257  253  237  212  182  155  134  122  113  105   95   83
   71   62   58   60   64   69   72   75   76   77   77   74   68   60   53   51
   54   63   73   80   85   85   84   82   81   81   82   83   83   82   78   75
   71   69   67   65   64   64   68   76   87   98  107  115  123  131  142  153
  164  173  181  187  192  196  198  202  209
    40.0-180.0 180.0   5.0 450.0                            LAT/LON1/LON2/DLON/H
  208  217  231  246  258  260  250  229  201  173  150  134  122  111   98   85
   74   67   67   72   79   84   85   84   80   77   75   71   65   58   52   51
   55   65   75   82   86   86   86   86   88   91   95   98   99   97   94   89
   85   82   81   79   78   79   83   92  103  114  122  127  132  138  145  153
  160  167  173  180  187  194  198  202  208
    37.5-180.0 180.0   5.0 450.0                            LAT/LON1/LON2/DLON/H
  204  208  216  228  241  248  245  231  209  185  163  146  133  120  106   93
   83   79   82   87   93   94   91   83   74   67   63   61   59   56   53   53
   58   67   75   80   82   83   84   87   92   99  105  109  111  108  103   97
   93   90   89   88   87   88   94  104  117  128  136  139  141  143  146  150
  152  154  158  166  177  189  197  202  204
    35.0-180.0 180.0   5.0 450.0                            LAT/LON1/LON2/DLON/H
  206  200  198  202  211  221  224  218  205  187  170  156  144  131  117  105
   97   94   97  100  101   96   85   71   58   50   49   53   58   61   62   64
   68   74   79   81   80   80   83   88   96  105  112  116  117  113  106   99
   94   92   91   90   90   92   99  111  126  140  148  151  151  151  151  150
  147  144  146  155  172  190  203  208  206
    32.5-180.0 180.0   5.0 450.0                            LAT/LON1/LON2/DLON/H
  219  202  187  179  181  189  196  198  192  182  172  162  153  142  130  119
  112  109  108  106   99   86   69   52   39   34   40   54   70   81   87   89
   90   91   91   88   84   83   86   92  101  110  116  119  117  111  103   95
   89   87   86   86   87   90   99  114  133  150  161  165  166  166  166  162
  155  148  149  160  181  205  223  228  219
    30.0-180.0 180.0   5.0 450.0                            LAT/LON1/LON2/DLON/H
  250  222  192  171  164  167  175  180  179  175  170  165  159  151  141  131
  124  118  111  100   85   67   48   34   27   31   48   74  100  119  128  128
  124  119  113  105   98   94   95  101  108  113  117  116  112  105   95   86
   80   78   78   79   81   86   97  115  137  158  173  182  186  190  192  189
  182  175  175  188  213  242  263  266  250
    27.5-180.0 180.0   5.0 450.0                            LAT/LON1/LON2/DLON/H
  300  262  221  188  172  169  174  177  177  174  170  168  164  157  148  139
  130  120  105   86   64   45   32   27   33   50   79  115  150  174  182  177
  167  155  143  131  119  112  110  112  114  115  114  110  104   95   85   76
   69   67   67   70   75   82   96  117  143  168  188  202  212  222  229  231
  228  223  226  241  269  299  320  321  300
    25.0-180.0 180.0   5.0 450.0                            LAT/LON1/LON2/DLON/H
  362  320  273  235  211  203  201  199  194  186  179  175  170  163  153  142
  130  115   94   69   46   32   31   43   65   95  133  175  212  235  238  227
  210  192  176  160  145  134  127  123  119  114  107  100   93   84   75   66
   60   57   58   62   70   81   98  122  151  180  204  224  241  258  273  284
  288  289  296  313  341  370  388  387  362
    22.5-180.0 180.0   5.0 450.0                            LAT/LON1/LON2/DLON/H
  429  389  343  305  281  268  260  250  235  217  202  191  181  171  158  143
  128  109   86   61   42   40   56   87  124  163  203  242  274  290  285  266
  243  221  203  185  168  154  142  131  120  108   97   88   81   74   67   59
   53   50   51   58   69   84  105  131  162  194  222  247  270  294  318  338
  350  360  371  391  416  441  456  453  429
    20.0-180.0 180.0   5.0 450.0                            LAT/LON1/LON2/DLON/H
  488  456  420  389  369  356  343  324  297  268  242  221  203  186  167  148
  129  111   90   72   65   78  113  160  206  244  276  303  322  325  311  284
  257  235  217  200  183  166  149  133  116  100   86   77   71   67   62   56
   50   46   48   56   71   92  116  145  177  210  241  269  297  326  356  383
  405  422  439  459  481  500  511  507  488
    17.5-180.0 180.0   5.0 450.0                            LAT/LON1/LON2/DLON/H
  531  513  491  473  461  451  435  409  373  333  296  265  238  213  187  163
  143  128  117  112  121  151  199  252  296  323  336  342  342  332  308  277
  249  229  216  202  185  167  148  129  109   90   76   68   65   63   61   56
   50   46   47   58   77  102  130  160  193  226  258  288  318  349  383  414
  441  464  485  505  523  536  543  542  531
    15.0-180.0 180.0   5.0 450.0                            LAT/LON1/LON2/DLON/H
  554  551  546  543  540  534  519  490  449  402  358  320  286  254  222  194
  175  168  172  185  210  251  302  350  378  381  368  350  331  308  279  247
  223  209  201  191  176  159  140  120  100   82   69   64   63   64   63   59
   53   48   49   61   84  113  145  176  209  241  273  302  332  363  396  428
  456  481  503  522  537  546  551  553  554
    12.5-180.0 180.0   5.0 450.0                            LAT/LON1/LON2/DLON/H
  558  570  581  589  595  593  580  552  512  466  420  381  344  309  273  242
  226  230  252  284  322  364  405  433  434  407  366  325  292  263  233  206
  189  182  180  174  161  145  128  111   94   79   69   66   66   67   66   63
   58   52   54   67   92  124  158  190  221  253  283  312  339  368  398  426
  452  475  497  514  525  532  538  546  558
    10.0-180.0 180.0   5.0 450.0                            LAT/LON1/LON2/DLON/H
  552  575  596  611  620  620  609  586  553  514  475  440  407  372  335  304
  293  309  347  394  437  470  488  484  451  395  331  276  238  211  188  169
  160  160  162  157  146  131  118  106   94   83   76   74   74   73   71   68
   63   58   60   74  100  134  168  200  230  260  289  316  342  368  392  415
  435  455  473  489  499  506  515  530  552
     7.5-180.0 180.0   5.0 450.0                            LAT/LON1/LON2/DLON/H
  545  575  599  615  621  619  609  592  569  543  516  491  466  437  402  373
  366  391  441  496  534  546  531  490  426  348  274  219  188  171  159  150
  148  153  155  150  138  125  115  108  101   94   89   86   84   81   77   73
   69   66   69   83  109  142  175  205  233  261  289  316  342  365  385  402
  416  431  446  460  471  481  495  517  545
     5.0-180.0 180.0   5.0 450.0                            LAT/LON1/LON2/DLON/H
  547  577  599  610  610  602  591  579  567  554  541  529  516  495  466  439
  434  463  517  569  592  575  524  450  364  279  211  171  157  157  158  158
  161  165  165  156  141  128  120  117  114  110  106  102   96   89   83   79
   76   76   80   93  118  149  180  207  232  259  286  313  339  363  381  394
  404  414  426  440  454  469  489  515  547
     2.5-180.0 180.0   5.0 450.0                            LAT/LON1/LON2/DLON/H
  562  589  605  608  599  585  571  562  558  556  555  554  552  540  517  492
  485  511  559  598  598  550  467  370  279  206  161  148  159  176  189  194
  196  196  190  175  155  140  133  132  131  128  123  117  108   98   90   85
   84   86   92  106  128  155  182  205  228  253  280  309  337  362  382  395
  403  410  422  437  455  476  501  531  562
